state,parlimen,undi_keluar_peti,undi_dalam_peti,undi_tak_kembali,undi_tolak,majoriti,peratus_keluar,undi_rosak,pengundi_jumlah,pengundi_tidak_hadir,rosak_vs_keseluruhan,rosak_vs_majoriti,tidakhadir_vs_majoriti
Perlis,P.001 Padang Besar,36142,36051,91,531,7426,86.1,622,41976,5834,1.7209894305793814,8.375976299488284,78.56180985725828
Perlis,P.002 Kangar,43431,43316,115,667,4037,84.8,782,51215,7784,1.8005572056825772,19.370819915779045,192.8164478573198
Perlis,P.003 Arau,38439,38312,127,525,1371,87.6,652,43880,5441,1.6961939696662245,47.55652808169219,396.86360320933625
Kedah,P.004 Langkawi,32096,31877,219,744,11861,85.5,963,37539,5443,3.0003738783649054,8.119045611668493,45.88989124019897
Kedah,P.005 Jerlun,45899,45782,117,730,3270,87.6,847,52396,6497,1.8453561079762086,25.902140672782874,198.68501529051989
Kedah,P.006 Kubang Pasu,57296,57058,238,834,10444,87.4,1072,65556,8260,1.8709857581681095,10.264266564534662,79.08847184986595
Kedah,P.007 Padang Terap,37904,37800,104,691,4442,90.3,795,41975,4071,2.097403967918953,17.89734353894642,91.64790634849167
Kedah,P.008 Pokok Sena,69524,69309,215,848,3935,86.1,1063,80747,11223,1.5289684137851678,27.013977128335455,285.20965692503177
Kedah,P.009 Alor Setar,57912,57712,200,1070,1873,83.9,1270,69025,11113,2.1929824561403506,67.80565936999466,593.3262146289376
Kedah,P.010 Kuala Kedah,82253,82005,248,1212,4947,86.3,1460,95310,13057,1.7750112457904272,29.512836062259957,263.9377400444714
Kedah,P.011 Pendang,62578,62451,127,759,2638,89.2,886,70154,7576,1.4158330403656236,33.586050037907505,287.1872630780895
Kedah,P.012 Jerai,64778,64614,164,952,1196,87.1,1116,74371,9593,1.722807125876069,93.31103678929766,802.0903010033445
Kedah,P.013 Sik,42077,41992,85,631,2807,89.9,716,46804,4727,1.7016422273451053,25.50765942287139,168.4004275026719
Kedah,P.014 Merbok,74520,74294,226,1340,4122,86.7,1566,85951,11431,2.101449275362319,37.99126637554585,277.31683648714215
Kedah,P.015 Sungai Petani,81024,80771,253,959,9548,87.0,1212,93131,12107,1.4958530805687205,12.693757855048176,126.80142438206954
Kedah,P.016 Baling,83109,82914,195,1091,5185,89.2,1286,93171,10062,1.5473655079473945,24.802314368370297,194.05978784956605
Kedah,P.017 Padang Serai,64584,64387,197,1223,8437,87.2,1420,74064,9480,2.198686981295677,16.830627000118525,112.36221405712932
Kedah,P.018 Kulim-Bandar Baharu,52766,52532,234,839,1871,86.6,1073,60930,8164,2.033506424591593,57.349011223944416,436.3442009620524
Kelantan,P.019 Tumpat,82962,82764,198,1086,10704,84.1,1284,98646,15684,1.5476965357633616,11.995515695067265,146.52466367713004
Kelantan,P.020 Pengkalan Chepa,54985,54797,188,683,15120,85.4,871,64385,9400,1.5840683822860782,5.76058201058201,62.16931216931217
Kelantan,P.021 Kota Bharu,66277,66084,193,666,15970,81.6,859,81221,14944,1.2960755616578903,5.378835316217908,93.57545397620538
Kelantan,P.022 Pasir Mas,60168,59930,238,1115,8047,83.6,1353,71971,11803,2.248703629836458,16.813719398533614,146.67577979371194
Kelantan,P.023 Rantau Panjang,41934,41804,130,632,6362,79.3,762,52880,10946,1.8171412219201604,11.977365608299277,172.05281358063502
Kelantan,P.024 Kubang Kerian,55108,54884,224,605,16741,84.3,829,65371,10263,1.5043187921898817,4.951914461501702,61.30458156621468
Kelantan,P.025 Bachok,71792,71584,208,947,201,88.0,1155,81581,9789,1.608814352574103,574.6268656716418,4870.149253731343
Kelantan,P.026 Ketereh,53906,53726,180,876,974,86.6,1056,62247,8341,1.9589656067970171,108.41889117043122,856.3655030800822
Kelantan,P.027 Tanah Merah,50009,49872,137,876,4227,85.9,1013,58217,8208,2.0256353856305864,23.964986988407855,194.18026969481903
Kelantan,P.028 Pasir Puteh,66232,66040,192,770,1888,86.9,962,76216,9984,1.4524701050851552,50.95338983050848,528.8135593220339
Kelantan,P.029 Machang,51372,51244,128,729,805,86.7,857,59252,7880,1.6682239352176282,106.45962732919254,978.8819875776397
Kelantan,P.030 Jeli,37871,37778,93,424,5336,87.6,517,43231,5360,1.3651606770351983,9.688905547226387,100.44977511244377
Kelantan,P.031 Kuala Krai,54643,54515,128,720,2043,86.6,848,63098,8455,1.5518913676042678,41.50758688203622,413.8521781693588
Kelantan,P.032 Gua Musang,35097,35033,64,712,8413,87.4,776,40156,5059,2.2110151864831753,9.223820278140971,60.13312730298348
Terengganu,P.033 Besut,63017,62763,254,641,8342,86.8,895,72600,9583,1.420251678118603,10.728842004315512,114.87652841045313
Terengganu,P.034 Setiu,59262,59138,124,685,7943,88.1,809,67266,8004,1.3651243629982113,10.185068613873852,100.76797179906836
Terengganu,P.035 Kuala Nerus,68036,67884,152,772,610,89.2,924,76273,8237,1.3581045328943502,151.47540983606558,1350.327868852459
Terengganu,P.036 Kuala Terengganu,82122,81898,224,845,10785,87.0,1069,94393,12271,1.3017218284990624,9.911914696337504,113.77839592025963
Terengganu,P.037 Marang,81829,81649,180,805,5124,90.1,985,90820,8991,1.2037297290691564,19.22326307572209,175.46838407494144
Terengganu,P.038 Hulu Terengganu,56634,56490,144,823,8213,89.1,967,63562,6928,1.707454885757672,11.774016802629978,84.35407281139656
Terengganu,P.039 Dungun,68204,68047,157,909,3942,87.2,1066,78215,10011,1.5629581842707172,27.042110603754438,253.95738203957384
Terengganu,P.040 Kemaman,80168,79971,197,1227,12306,87.2,1424,91935,11767,1.7762698333499651,11.571591093775394,95.62002275312855
Pulau Pinang,P.041 Kepala Batas,46740,46665,75,585,4176,90.5,660,51646,4906,1.4120667522464698,15.804597701149426,117.48084291187739
Pulau Pinang,P.042 Tasek Gelugor,48121,48009,112,675,3042,89.0,787,54068,5947,1.635460609713015,25.871137409598948,195.4963839579224
Pulau Pinang,P.043 Bagan,59792,59735,57,634,34159,87.3,691,68490,8698,1.1556729997324056,2.02289294183085,25.46327468602711
Pulau Pinang,P.044 Permatang Pauh,63475,63332,143,672,11721,88.5,815,71723,8248,1.2839700669554943,6.953331626994284,70.36942240423171
Pulau Pinang,P.045 Bukit Mertajam,69588,69403,185,712,43063,88.1,897,78987,9399,1.2890153474737023,2.082994682209786,21.826161670111233
Pulau Pinang,P.046 Batu Kawan,50208,50139,69,723,25962,87.3,792,57512,7304,1.577437858508604,3.050612433556737,28.133425776134352
Pulau Pinang,P.047 Nibong Tebal,52599,52538,61,833,8598,88.6,894,59366,6767,1.6996520846403924,10.397766922540127,78.70434984880205
Pulau Pinang,P.048 Bukit Bendera,59118,59019,99,615,32778,83.2,714,71055,11937,1.207753983558307,2.178290316675819,36.417719201903715
Pulau Pinang,P.049 Tanjong,42903,42870,33,495,28645,83.3,528,51504,8601,1.2306831690091602,1.843253621923547,30.02618257985687
Pulau Pinang,P.050 Jelutong,61715,61441,274,769,25750,86.6,1043,71264,9549,1.690026735801669,4.0504854368932035,37.08349514563107
Pulau Pinang,P.051 Bukit Gelugor,70683,70554,129,654,42706,86.3,783,81903,11220,1.107762828402869,1.8334660235095772,26.272654896267504
Pulau Pinang,P.052 Bayan Baru,68846,68659,187,850,19307,87.0,1037,79133,10287,1.5062603491851378,5.371108924224374,53.281193349562336
Pulau Pinang,P.053 Balik Pulau,43773,43709,64,612,1539,88.2,676,49629,5856,1.5443309802846503,43.92462638076673,380.5068226120857
Perak,P.054 Gerik,27414,27108,306,494,6216,83.8,800,32713,5299,2.9182169694316773,12.87001287001287,85.24774774774775
Perak,P.055 Lenggong,23736,23485,251,368,4161,84.9,619,27957,4221,2.6078530502190764,14.876231675078106,101.4419610670512
Perak,P.056 Larut,40100,39929,171,579,5296,86.1,750,46573,6473,1.8703241895261846,14.161631419939576,122.22432024169186
Perak,P.057 Parit Buntar,44306,44172,134,618,8476,86.2,752,51399,7093,1.6972870491581276,8.872109485606417,83.68334119867862
Perak,P.058 Bagan Serai,46384,46313,71,1096,1140,84.7,1167,54762,8378,2.5159537771645395,102.36842105263158,734.9122807017544
Perak,P.059 Bukit Gantang,61018,60888,130,748,986,85.6,878,71282,10264,1.4389196630502474,89.04665314401623,1040.973630831643
Perak,P.060 Taiping,63913,63749,164,944,11745,81.8,1108,78133,14220,1.733606621501103,9.433801617709664,121.0727969348659
Perak,P.061 Padang Rengas,24230,24190,40,410,2230,85.0,450,28505,4275,1.8572018159306642,20.179372197309416,191.70403587443948
Perak,P.062 Sungai Siput,41617,41572,45,982,2793,80.7,1027,51570,9953,2.467741547925127,36.77049767275331,356.3551736484067
Perak,P.063 Tambun,76275,76057,218,1196,9325,85.3,1414,89419,13144,1.8538184201901016,15.16353887399464,140.9544235924933
Perak,P.064 Ipoh Timor,65217,65006,211,834,34000,79.7,1045,81828,16611,1.6023429473910178,3.073529411764706,48.85588235294118
Perak,P.065 Ipoh Barat,63074,62912,162,875,29038,81.1,1037,77773,14699,1.6441005802707929,3.5711825883325297,50.61987740202494
Perak,P.066 Batu Gajah,70270,70096,174,966,38410,80.2,1140,87618,17348,1.6223139319766613,2.9679770892996613,45.165321530851344
Perak,P.067 Kuala Kangsar,28283,28208,75,407,1082,84.3,482,33550,5267,1.7042039387618002,44.54713493530499,486.7837338262477
Perak,P.068 Beruas,39586,39508,78,687,5057,80.5,765,49175,9589,1.9325013893800838,15.127545975875027,189.61835080087008
Perak,P.069 Parit,28613,28541,72,532,4497,85.4,604,33504,4891,2.110928598888617,13.431176339782077,108.76139648654659
Perak,P.070 Kampar,49272,49146,126,820,5400,77.4,946,63658,14386,1.9199545380743626,17.51851851851852,266.40740740740745
Perak,P.071 Gopeng,81442,81263,179,1456,15309,83.9,1635,97070,15628,2.007563664939466,10.679992161473644,102.08374158991442
Perak,P.072 Tapah,36957,36855,102,1052,7927,81.3,1154,45457,8500,3.1225478258516652,14.55784029267062,107.22845969471426
Perak,P.073 Pasir Salak,43533,43372,161,1008,7386,84.5,1169,51518,7985,2.6853191831484162,15.827240725697264,108.10993772001083
Perak,P.074 Lumut,73756,73581,175,1133,8168,83.5,1308,88330,14574,1.7734150441997938,16.01371204701273,178.42801175318314
Perak,P.075 Bagan Datuk,33069,32960,109,716,2108,82.8,825,39938,6869,2.4947836342193592,39.13662239089184,325.85388994307397
Perak,P.076 Teluk Intan,48839,48649,190,885,7313,80.7,1075,60519,11680,2.2011097688322856,14.6998495829345,159.71557500341856
Perak,P.077 Tanjong Malim,53399,53237,162,1115,4328,82.8,1277,64491,11092,2.391430551133916,29.505545286506468,256.2846580406654
Pahang,P.078 Cameron Highlands,22754,22748,6,877,462,81.3,883,27987,5233,3.8806363716269665,191.12554112554113,1132.6839826839825
Pahang,P.079 Lipis,27126,26986,140,426,3469,83.9,566,32331,5205,2.08655902086559,16.3159411934275,150.0432401268377
Pahang,P.080 Raub,45059,44943,116,927,2814,83.1,1043,54222,9163,2.3147428926518563,37.06467661691542,325.6218905472637
Pahang,P.081 Jerantut,49600,49461,139,905,4532,85.0,1044,58352,8752,2.1048387096774195,23.036187113857018,193.11562224183584
Pahang,P.082 Indera Mahkota,54737,54527,210,689,7523,85.2,899,64245,9508,1.6423991084641103,11.950019938854181,126.38575036554568
Pahang,P.083 Kuantan,47858,47723,135,570,4515,85.0,705,56303,8445,1.4731079443353252,15.614617940199334,187.04318936877075
Pahang,P.084 Paya Besar,40834,40694,140,643,7715,85.0,783,48040,7206,1.9175197139638536,10.14906027219702,93.40246273493194
Pahang,P.085 Pekan,68464,68218,246,1275,35613,85.3,1521,80262,11798,2.2216055153073144,4.2709123073035125,33.12835200628984
Pahang,P.086 Maran,32750,32595,155,572,6475,85.2,727,38438,5688,2.219847328244275,11.227799227799228,87.84555984555985
Pahang,P.087 Kuala Krau,37663,37548,115,603,6205,87.6,718,42994,5331,1.9063802671056476,11.571313456889605,85.91458501208703
Pahang,P.088 Temerloh,56595,56441,154,977,1070,85.6,1131,66115,9520,1.9984097535117942,105.70093457943925,889.7196261682243
Pahang,P.089 Bentong,52628,52503,125,988,379,84.5,1113,62281,9653,2.1148438093790376,293.6675461741425,2546.9656992084433
Pahang,P.090 Bera,42944,42830,114,965,2143,84.2,1079,51002,8058,2.512574515648286,50.34997666822212,376.01493233784413
Pahang,P.091 Rompin,46014,45849,165,883,15114,85.9,1048,53566,7552,2.277567696787934,6.933968506020907,49.96691808918883
Selangor,P.092 Sabak Bernam,31859,31706,153,576,1890,85.4,729,37305,5446,2.2882074139175743,38.57142857142858,288.14814814814815
Selangor,P.093 Sungai Besar,37810,37681,129,690,399,88.3,819,42819,5009,2.1660936260248613,205.26315789473685,1255.388471177945
Selangor,P.094 Hulu Selangor,75113,74947,166,1451,3414,87.6,1617,85745,10632,2.1527565135196305,47.36379613356767,311.4235500878735
Selangor,P.095 Tanjong Karang,37768,37676,92,634,4394,89.2,726,42340,4572,1.9222622325778438,16.522530723714155,104.05097860719164
Selangor,P.096 Kuala Selangor,55592,55474,118,934,460,89.2,1052,62322,6730,1.892358612750036,228.69565217391306,1463.0434782608695
Selangor,P.097 Selayang,92528,92315,213,1435,17958,87.4,1648,105867,13339,1.7810824831402388,9.176968482013587,74.27887292571556
Selangor,P.098 Gombak,107140,106747,393,1353,4734,86.9,1746,123291,16151,1.6296434571588576,36.88212927756654,341.17025771018166
Selangor,P.099 Ampang,71574,71398,176,738,13278,86.1,914,83128,11554,1.277000027943108,6.883566802229252,87.01611688507306
Selangor,P.100 Pandan,73228,73075,153,1023,26729,87.3,1176,83880,10652,1.6059430818812475,4.399715664633918,39.851846309252124
Selangor,P.101 Hulu Langat,112856,112322,534,1335,17267,88.6,1869,127376,14520,1.6560927199262776,10.824115364568252,84.09104071349974
Selangor,P.102 Bangi,118339,118048,291,1778,42206,88.9,2069,133114,14775,1.748366979609427,4.902146614225466,35.00687106098659
Selangor,P.103 Puchong,94529,94335,194,1261,32802,88.3,1455,107054,12525,1.5392101894656667,4.435705139930492,38.18364733857692
Selangor,P.104 Subang,86497,86287,210,1171,28827,85.4,1381,101284,14787,1.5965871648727703,4.790647656710723,51.29566031845145
Selangor,P.105 Petaling Jaya,65323,65185,138,830,19216,82.1,968,79565,14242,1.481867029989437,5.037468776019984,74.11532056619484
Selangor,P.106 Damansara,70727,70614,113,472,44672,82.8,585,85419,14692,0.8271240120463189,1.309545128939828,32.88861031518625
Selangor,P.107 Sungai Buloh,112937,112618,319,1669,26719,87.9,1988,128483,15546,1.760273426777761,7.440398218496201,58.183315243833974
Selangor,P.108 Shah Alam,88128,87942,186,863,10939,88.2,1049,99918,11790,1.1903140885984023,9.589542005667793,107.7795045250937
Selangor,P.109 Kapar,127023,126709,314,2379,23790,88.1,2693,144180,17157,2.120088487911638,11.31988230348886,72.11853720050442
Selangor,P.110 Klang,84219,84095,124,1342,24685,86.8,1466,97026,12807,1.7406998420783908,5.938829248531497,51.8817095402066
Selangor,P.111 Kota Raja,92729,92563,166,1102,29395,87.6,1268,105855,13126,1.3674255087405234,4.313658785507739,44.653852696036736
Selangor,P.112 Kuala Langat,78726,78557,169,1523,5358,89.0,1692,88456,9730,2.149226430912278,31.57894736842105,181.59761104889884
Selangor,P.113 Sepang,75135,74961,174,1226,1142,89.1,1400,84326,9191,1.863312703799827,122.59194395796848,804.816112084063
W.P. Kuala Lumpur,P.114 Kepong,58585,58512,73,388,40307,86.1,461,68042,9457,0.7868908423657932,1.1437219341553575,23.462425881360556
W.P. Kuala Lumpur,P.115 Batu,72147,71988,159,606,13284,84.5,765,85381,13234,1.0603351490706474,5.7588075880758804,99.62360734718459
W.P. Kuala Lumpur,P.116 Wangsa Maju,58291,58146,145,375,5511,86.0,520,67780,9489,0.8920759636993705,9.435674106332788,172.18290691344583
W.P. Kuala Lumpur,P.117 Segambut,64184,64052,132,485,19199,84.9,617,75599,11415,0.961298766047613,3.213709047346216,59.45622167821241
W.P. Kuala Lumpur,P.118 Setiawangsa,52910,52730,180,502,1390,84.9,682,62320,9410,1.288981288981289,49.06474820143885,676.978417266187
W.P. Kuala Lumpur,P.119 Titiwangsa,45631,45513,118,311,866,82.5,429,55310,9679,0.9401503363941179,49.53810623556582,1117.6674364896076
W.P. Kuala Lumpur,P.120 Bukit Bintang,41824,41772,52,355,19399,75.1,407,55691,13867,0.9731254781943381,2.0980462910459305,71.48306613742976
W.P. Kuala Lumpur,P.121 Lembah Pantai,61048,60855,193,519,1847,84.3,712,72417,11369,1.1662953741318307,38.54899837574445,615.5387114239307
W.P. Kuala Lumpur,P.122 Seputeh,71859,71750,109,302,51552,83.6,411,85955,14096,0.5719534087588194,0.7972532588454376,27.343265052762263
W.P. Kuala Lumpur,P.123 Cheras,59492,59404,88,315,37409,82.0,403,72551,13059,0.6774020036307403,1.077280868240263,34.908711807319094
W.P. Kuala Lumpur,P.124 Bandar Tun Razak,78157,78147,10,861,11832,85.9,871,90986,12829,1.1144235321212432,7.361392832995267,108.4263015551048
W.P. Putrajaya,P.125 Putrajaya,14465,14418,47,73,5541,91.6,120,15791,1326,0.8295886622882821,2.165674066053059,23.930698429886302
Negeri Sembilan,P.126 Jelebu,38020,37883,137,756,7101,84.6,893,44940,6920,2.3487638085218308,12.57569356428672,97.4510632305309
Negeri Sembilan,P.127 Jempol,54858,54701,157,1082,8629,84.1,1239,65229,10371,2.258558460024062,14.358558349750842,120.18773901958512
Negeri Sembilan,P.128 Seremban,87617,87359,258,1486,12553,85.6,1744,102356,14739,1.9904812992912333,13.893093284473832,117.41416394487374
Negeri Sembilan,P.129 Kuala Pilah,40291,40147,144,794,9661,84.5,938,47681,7390,2.328063339207267,9.709139840596212,76.49311665459062
Negeri Sembilan,P.130 Rasah,75860,75651,209,1208,24101,85.8,1417,88414,12554,1.8679145794885315,5.87942409028671,52.089124932575416
Negeri Sembilan,P.131 Rembau,69548,69291,257,1217,18357,87.3,1474,79665,10117,2.1193995513889687,8.029634471863595,55.11249114779103
Negeri Sembilan,P.132 Port Dickson,59984,59855,129,1344,1579,85.1,1473,70486,10502,2.455654841291011,93.28689043698543,665.1044965167828
Negeri Sembilan,P.133 Tampin,48799,48660,139,1042,11162,85.2,1181,57275,8476,2.420131560072952,10.580541121662785,75.93621214836051
Melaka,P.134 Masjid Tanah,39827,39742,85,566,16200,86.7,651,45936,6109,1.6345695131443492,4.018518518518518,37.70987654320987
Melaka,P.135 Alor Gajah,55131,55028,103,1437,11597,86.7,1540,63588,8457,2.793346755908654,13.279296369750798,72.92403207726136
Melaka,P.136 Tangga Batu,64426,64288,138,985,15633,87.9,1123,73294,8868,1.7430850898705492,7.183522036717201,56.72615620802149
Melaka,P.137 Hang Tuah Jaya,88271,88083,188,1102,5733,88.8,1290,99404,11133,1.4614086166464637,22.50130821559393,194.19152276295134
Melaka,P.138 Kota Melaka,79651,79464,187,1168,20746,86.3,1355,92295,12644,1.7011713600582539,6.531379543044443,60.94668851826858
Melaka,P.139 Jasin,56856,56710,146,1001,11763,88.2,1147,64462,7606,2.0173772337132405,9.750913882512965,64.6603757544844
Johor,P.140 Segamat,39895,39807,88,950,1217,84.9,1038,46990,7095,2.601829803233488,85.29170090386195,582.9909613804438
Johor,P.141 Sekijang,37519,37448,71,587,3007,87.1,658,43075,5556,1.7537780857698766,21.88227469238444,184.76887263052876
Johor,P.142 Labis,32027,31978,49,689,353,84.9,738,37723,5696,2.304305742030162,209.06515580736541,1613.5977337110482
Johor,P.143 Pagoh,40613,40522,91,816,12842,86.8,907,46789,6176,2.2332750597099453,7.062762809531225,48.0921974770285
Johor,P.144 Ledang,60382,60348,34,1077,1967,87.1,1111,69324,8942,1.8399523036666556,56.481952211489585,454.60091509913576
Johor,P.145 Bakri,58453,58270,183,1101,5067,87.0,1284,67187,8734,2.196636614031786,25.34043812907046,172.37023880007894
Johor,P.146 Muar,40992,40892,100,804,1646,85.0,904,48225,7233,2.2053083528493365,54.921020656136086,439.4289185905225
Johor,P.147 Parit Sulong,49855,49715,140,952,11753,87.6,1092,56912,7057,2.1903520208604954,9.291244788564622,60.04424402280269
Johor,P.148 Ayer Hitam,37841,37747,94,967,7310,88.2,1061,42903,5062,2.8038371078988398,14.514363885088919,69.24760601915185
Johor,P.149 Sri Gading,39899,39818,81,673,5761,89.0,754,44830,4931,1.8897716734755259,13.088005554591216,85.59277903141816
Johor,P.150 Batu Pahat,77202,77047,155,1445,1524,87.5,1600,88230,11028,2.072485168778011,104.98687664041995,723.6220472440945
Johor,P.151 Simpang Renggam,34754,34670,84,868,5706,86.6,952,40131,5377,2.739253035621799,16.684192078513846,94.2341395022783
Johor,P.152 Kluang,75262,75081,181,1292,7359,86.8,1473,86707,11445,1.9571629773325185,20.016306563391765,155.52384834896046
Johor,P.153 Sembrong,35910,35860,50,809,10631,86.3,859,41610,5700,2.3920913394597605,8.080142978082964,53.61678111184273
Johor,P.154 Mersing,37393,37299,94,678,15747,84.0,772,44515,7122,2.06455753750702,4.902521115133041,45.227662411887984
Johor,P.155 Tenggara,34946,34876,70,676,17196,88.0,746,39711,4765,2.1347221427345047,4.338218190276809,27.70993254245173
Johor,P.156 Kota Tinggi,36943,36868,75,696,24574,88.2,771,41885,4942,2.0869988901821723,3.1374623585903803,20.11068609099048
Johor,P.157 Pengerang,33067,32969,98,698,22508,87.0,796,38008,4941,2.407233798046391,3.536520348320597,21.952194775191046
Johor,P.158 Tebrau,79835,79754,81,1551,1767,88.2,1632,90515,10680,2.044216195904052,92.35993208828522,604.4142614601019
Johor,P.159 Pasir Gudang,88550,88437,113,1704,935,87.6,1817,101084,12534,2.051948051948052,194.33155080213905,1340.5347593582887
Johor,P.160 Johor Bahru,79965,79807,158,1284,10495,83.0,1442,96343,16378,1.8032889389107736,13.739876131491185,156.0552644116246
Johor,P.161 Pulai,85924,85763,161,1487,3226,85.5,1648,100495,14571,1.9179740235557006,51.08493490390577,451.673899566026
Johor,P.162 Iskandar Puteri,95068,94865,203,1059,14762,89.1,1262,106698,11630,1.3274708629612488,8.548977103373527,78.78336268798266
Johor,P.163 Kulai,75015,74896,119,1432,13450,89.3,1551,84003,8988,2.0675864827034593,11.531598513011152,66.82527881040892
Johor,P.164 Pontian,42831,42752,79,871,13727,86.3,950,49630,6799,2.218019658658448,6.920667298025789,49.53012311502877
Johor,P.165 Tanjung Piai,45622,45537,85,918,5457,87.9,1003,51902,6280,2.198500723335233,18.38006230529595,115.08154663734653
W.P. Labuan,P.166 Labuan,19377,19356,21,207,6625,79.2,228,24465,5088,1.1766527326211487,3.4415094339622643,76.8
Sabah,P.167 Kudat,36421,36355,66,919,12376,77.1,985,47238,10817,2.7044836769995335,7.958952811893988,87.40303813833225
Sabah,P.168 Kota Marudu,33125,33077,48,911,842,78.5,959,42197,9072,2.8950943396226414,113.89548693586697,1077.4346793349168
Sabah,P.169 Kota Belud,43502,43423,79,1109,5095,84.5,1188,51481,7979,2.7309089237276445,23.316977428851814,156.6045142296369
Sabah,P.170 Tuaran,40849,40760,89,807,5190,84.6,896,48284,7435,2.1934441479595583,17.263969171483623,143.2562620423892
Sabah,P.171 Sepanggar,43500,43416,84,1167,9442,81.5,1251,53374,9874,2.875862068965517,13.249311586528279,104.5753018428299
Sabah,P.172 Kota Kinabalu,39548,39488,60,506,18959,78.3,566,50508,10960,1.4311722463841408,2.9853895247639644,57.80895616857429
Sabah,P.173 Putatan,29936,29760,176,665,9507,79.9,841,37466,7530,2.809326563335115,8.846113390133587,79.20479646576207
Sabah,P.174 Penampang,36882,36818,64,719,10216,83.2,783,44329,7447,2.12298682284041,7.664447924823806,72.89545810493344
Sabah,P.175 Papar,33262,33194,68,499,10535,85.8,567,38766,5504,1.7046479466057363,5.382059800664452,52.244897959183675
Sabah,P.176 Kimanis,23170,23128,42,453,5723,87.0,495,26632,3462,2.1363832542080274,8.64930980255111,60.49274855844836
Sabah,P.177 Beaufort,26000,25950,50,559,672,86.4,609,30092,4092,2.342307692307692,90.625,608.9285714285714
Sabah,P.178 Sipitang,24387,24329,58,539,9469,83.6,597,29171,4784,2.4480255874031247,6.304784032104763,50.522758475023764
Sabah,P.179 Ranau,31458,31396,62,666,3611,80.6,728,39029,7571,2.3141967067200713,20.160620326779284,209.66491276654668
Sabah,P.180 Keningau,36144,36098,46,555,3918,82.7,601,43704,7560,1.6627932713590083,15.339458907605922,192.95558958652376
Sabah,P.181 Tenom,20944,20926,18,632,3886,82.8,650,25294,4350,3.1035141329258975,16.72671127123006,111.94029850746267
Sabah,P.182 Pensiangan,21391,21379,12,483,1744,81.7,495,26182,4791,2.3140573138235707,28.383027522935777,274.7133027522936
Sabah,P.183 Beluran,18915,18914,1,552,9988,76.6,553,24693,5778,2.923605604017975,5.536643972767321,57.8494193031638
Sabah,P.184 Libaran,32119,32016,103,713,11586,80.8,816,39751,7632,2.5405523210560728,7.042982910409114,65.87260486794408
Sabah,P.185 Batu Sapi,23400,23356,44,574,3798,77.5,618,30193,6793,2.641025641025641,16.27172195892575,178.8572933122696
Sabah,P.186 Sandakan,27923,27889,34,525,1088,75.3,559,37082,9159,2.00193388962504,51.37867647058824,841.8198529411765
Sabah,P.187 Kinabatangan,19997,19960,37,654,9731,80.8,691,24748,4751,3.455518327749162,7.1010173671770636,48.82334806289179
Sabah,P.188 Lahad Datu,39663,39606,57,1077,13387,76.8,1134,51644,11981,2.859087814840027,8.47090460894898,89.49727347426608
Sabah,P.189 Semporna,31595,31523,72,985,20905,76.0,1057,41572,9977,3.3454660547554993,5.056206649127003,47.725424539583834
Sabah,P.190 Tawau,39787,39658,129,789,4979,77.2,918,51537,11750,2.3072862995450776,18.43743723639285,235.9911628841133
Sabah,P.191 Kalabakan,36230,36132,98,1027,14221,77.4,1125,46808,10578,3.1051614683963566,7.910836087476268,74.38295478517685
Sarawak,P.192 Mas Gading,20384,20353,31,224,2156,79.1,255,25769,5385,1.2509811616954474,11.827458256029685,249.76808905380335
Sarawak,P.193 Santubong,29286,29207,79,394,20936,79.1,473,37024,7738,1.6151061940859115,2.2592663354986624,36.96025983951089
Sarawak,P.194 Petra Jaya,38170,37996,174,321,21443,76.7,495,49765,11595,1.2968299711815563,2.3084456465979573,54.07359044909761
Sarawak,P.195 Bandar Kuching,40879,40825,54,201,19642,76.6,255,53366,12487,0.623792167127376,1.2982384685877202,63.57295591080339
Sarawak,P.196 Stampin,65515,65383,132,488,18670,77.3,620,84754,19239,0.9463481645424712,3.320835565077665,103.04767005891804
Sarawak,P.197 Kota Samarahan,31612,31531,81,528,17401,82.8,609,38178,6566,1.9264836138175379,3.49979886213436,37.73346359404632
Sarawak,P.198 Puncak Borneo,32695,32579,116,674,9721,77.2,790,42351,9656,2.4162716011622574,8.12673593251723,99.3313445118815
Sarawak,P.199 Serian,26562,26523,39,296,13151,78.8,335,33708,7146,1.261200210827498,2.547334803437001,54.33807315033077
Sarawak,P.200 Batang Sadong,15541,15521,20,227,11260,78.3,247,19848,4307,1.5893443150376423,2.19360568383659,38.250444049733574
Sarawak,P.201 Batang Lupar,20754,20711,43,425,10964,75.9,468,27343,6589,2.2549869904596704,4.268515140459686,60.096680043779635
Sarawak,P.202 Sri Aman,22409,22353,56,224,6550,75.2,280,29799,7390,1.2494979695657995,4.2748091603053435,112.82442748091603
Sarawak,P.203 Lubok Antu,15166,15138,28,143,4091,78.6,171,19295,4129,1.1275220888830277,4.179907113175263,100.92886824737228
Sarawak,P.204 Betong,20439,20380,59,315,10887,77.6,374,26338,5899,1.829835119134987,3.4352897951685493,54.18388904197668
Sarawak,P.205 Saratok,22136,22058,78,258,2081,80.3,336,27566,5430,1.5178894109143477,16.146083613647285,260.932244113407
Sarawak,P.206 Tanjong Manis,14402,14344,58,238,10964,75.0,296,19202,4800,2.0552701013748087,2.69974461875228,43.77964246625319
Sarawak,P.207 Igan,13898,13865,33,222,10149,78.2,255,17772,3874,1.8347963735789323,2.512562814070352,38.17124839885703
Sarawak,P.208 Sarikei,28353,28298,55,277,505,77.6,332,36537,8184,1.1709519274856277,65.74257425742574,1620.5940594059407
Sarawak,P.209 Julau,16973,16957,16,278,5955,75.4,294,22510,5537,1.7321628468744477,4.937027707808564,92.9806884970613
Sarawak,P.210 Kanowit,13759,13743,16,276,3042,70.8,292,19433,5674,2.122247256341304,9.59894806048652,186.52202498356345
Sarawak,P.211 Lanang,44956,44900,56,304,8630,78.7,360,57123,12167,0.8007829878103034,4.171494785631518,140.98493626882967
Sarawak,P.212 Sibu,51588,51474,114,496,2841,79.9,610,64565,12977,1.1824455299682097,21.471312917986623,456.77578317493845
Sarawak,P.213 Mukah,19879,19838,41,417,12764,75.1,458,26470,6591,2.303938829921022,3.588216859918521,51.63741773738641
Sarawak,P.214 Selangau,20753,20725,28,309,7555,81.5,337,25463,4710,1.623861610369585,4.460622104566512,62.34281932495036
Sarawak,P.215 Kapit,17474,17432,42,271,9731,66.7,313,26197,8723,1.7912326885658691,3.2165245093001746,89.64135237899497
Sarawak,P.216 Hulu Rajang,14763,14742,21,213,5834,68.1,234,21678,6915,1.5850436903068483,4.010970174837161,118.52931093589305
Sarawak,P.217 Bintulu,45968,45941,27,458,7433,76.8,485,59854,13886,1.0550817960320222,6.524956276066192,186.8155522669178
Sarawak,P.218 Sibuti,20947,20918,29,288,6066,73.9,317,28345,7398,1.513343199503509,5.225848994394989,121.95845697329378
Sarawak,P.219 Miri,52813,52762,51,630,1992,74.2,681,71176,18363,1.289455247760968,34.18674698795181,921.8373493975903
Sarawak,P.220 Baram,18796,18775,21,242,194,64.0,263,29368,10572,1.3992338795488402,135.56701030927834,5449.484536082474
Sarawak,P.221 Limbang,17912,17859,53,162,8301,73.8,215,24271,6359,1.2003126395712371,2.5900493916395617,76.60522828574871
Sarawak,P.222 Lawas,14113,14072,41,177,6030,74.9,218,18842,4729,1.5446751222277333,3.615257048092869,78.424543946932
