state,parlimen,undi_keluar_peti,undi_dalam_peti,undi_tak_kembali,undi_tolak,majoriti,peratus_keluar,undi_rosak,pengundi_jumlah,pengundi_tidak_hadir,rosak_vs_keseluruhan,rosak_vs_majoriti,tidakhadir_vs_majoriti
Perlis,P.001 Padang Besar,29310,29308,2,674,5348,80.05,676,36614,7304,2.3063800750597068,12.640239341810023,136.57442034405386
Perlis,P.002 Kangar,34946,34779,167,808,13671,80.17,975,43589,8643,2.790018886281692,7.131885012069344,63.22141759929778
Perlis,P.003 Arau,33276,33188,88,586,300,83.45,674,39875,6599,2.025483832191369,224.66666666666666,2199.6666666666665
Kedah,P.004 Langkawi,23273,23224,49,670,4970,78.71,719,29568,6295,3.089416920895458,14.466800804828974,126.65995975855131
Kedah,P.005 Jerlun,37297,37242,55,599,2205,81.95,654,45511,8214,1.7534922379816071,29.65986394557823,372.5170068027211
Kedah,P.006 Kubang Pasu,42353,42226,127,928,7060,79.43,1055,53321,10968,2.4909687625433854,14.943342776203966,155.3541076487252
Kedah,P.007 Padang Terap,30445,30407,38,770,369,86.0,808,35401,4956,2.653966168500575,218.970189701897,1343.089430894309
Kedah,P.008 Pokok Sena,55318,54682,636,1039,5731,79.44,1675,69634,14316,3.0279475035250734,29.227010992845926,249.79933693945208
Kedah,P.009 Alor Setar,43206,43055,151,1757,184,73.28,1908,58960,15754,4.4160533259269545,1036.9565217391305,8561.95652173913
Kedah,P.010 Kuala Kedah,65750,65745,5,1385,7018,79.09,1390,83133,17383,2.1140684410646386,19.806212596181247,247.6916500427472
Kedah,P.011 Pendang,51645,51540,105,991,4073,84.19,1096,61343,9698,2.1221802691451255,26.908912349619445,238.10459121041
Kedah,P.012 Jerai,51913,51791,122,1070,2299,78.97,1192,65737,13824,2.29614932675823,51.84862983906046,601.3049151805133
Kedah,P.013 Sik,33859,33752,107,505,481,83.94,612,40337,6478,1.8074957913700938,127.23492723492724,1346.7775467775468
Kedah,P.014 Merbok,49718,49322,396,1338,3098,77.15,1734,64443,14725,3.487670461402309,55.97159457714655,475.30664945125886
Kedah,P.015 Sungai Petani,59378,59249,129,986,9381,77.84,1115,76282,16904,1.8777998585334637,11.885726468393562,180.19400916746616
Kedah,P.016 Baling,65764,65689,75,1154,7613,83.47,1229,78787,13023,1.8688036007542121,16.14343885459083,171.06265598318666
Kedah,P.017 Padang Serai,47124,47069,55,1259,11738,79.58,1314,59215,12091,2.7883880825057297,11.194411313682059,103.0073266314534
Kedah,P.018 Kulim-Bandar Baharu,40182,39949,233,1022,5583,77.28,1255,51995,11813,3.1232890348912448,22.47895396740104,211.58875156725773
Kelantan,P.019 Tumpat,65254,65083,171,1032,9377,81.49,1203,80076,14822,1.8435651454316977,12.829263090540685,158.06761224272154
Kelantan,P.020 Pengkalan Chepa,43049,42779,270,564,11311,82.23,834,52351,9302,1.937327231759158,7.373353372822916,82.23852886570594
Kelantan,P.021 Kota Bharu,53710,53579,131,609,11288,78.68,740,68263,14553,1.3777695028858685,6.555634301913536,128.92452161587528
Kelantan,P.022 Pasir Mas,49344,49219,125,864,8991,82.74,989,59637,10293,2.004296368352789,10.999888777666555,114.48114781448115
Kelantan,P.023 Rantau Panjang,35451,35369,82,837,4486,78.11,919,45385,9934,2.5923105131025923,20.485956308515384,221.44449398127506
Kelantan,P.024 Kubang Kerian,44474,44354,120,638,10642,83.14,758,53492,9018,1.704366596213518,7.122721292990039,84.73971058071791
Kelantan,P.025 Bachok,55724,55580,144,811,2901,85.98,955,64810,9086,1.7138037470389778,32.919682867976555,313.20234401930367
Kelantan,P.026 Ketereh,44377,44069,308,993,400,84.95,1301,52238,7861,2.9316988530094417,325.25,1965.25
Kelantan,P.027 Tanah Merah,36126,36027,99,1064,1584,81.46,1163,44348,8222,3.2192880473896914,73.42171717171718,519.0656565656566
Kelantan,P.028 Pasir Puteh,53778,53648,130,886,3968,83.52,1016,64389,10611,1.8892483915355722,25.60483870967742,267.414314516129
Kelantan,P.029 Machang,41494,41370,124,748,1460,84.41,872,49157,7663,2.1015086518532797,59.726027397260275,524.8630136986302
Kelantan,P.030 Jeli,30555,30374,181,474,4436,84.18,655,36297,5742,2.143675339551628,14.765554553651938,129.44093778178538
Kelantan,P.031 Kuala Krai,43013,42896,117,756,4984,82.32,873,52250,9237,2.0296189524097366,17.51605136436597,185.3330658105939
Kelantan,P.032 Gua Musang,24283,24221,62,489,4394,83.77,551,28987,4704,2.2690771321500636,12.539827036868456,107.05507510241239
Terengganu,P.033 Besut,49303,48830,473,668,10590,84.49,1141,58353,9050,2.314260795489118,10.774315391879131,85.45797922568461
Terengganu,P.034 Setiu,46821,46821,0,833,7232,85.88,833,54519,7698,1.7791162085389036,11.518252212389381,106.44358407079646
Terengganu,P.035 Kuala Nerus,52539,52250,289,713,1341,85.83,1002,61212,8673,1.9071546850910752,74.72035794183445,646.7561521252796
Terengganu,P.036 Kuala Terengganu,66231,66112,119,931,628,82.45,1050,80328,14097,1.5853603297549486,167.19745222929936,2244.745222929936
Terengganu,P.037 Marang,65008,64929,79,806,2747,86.89,885,74816,9808,1.3613709081959144,32.21696396068438,357.0440480524208
Terengganu,P.038 Hulu Terengganu,45971,45817,154,709,10460,87.54,863,52514,6543,1.8772704531117443,8.250478011472277,62.552581261950294
Terengganu,P.039 Dungun,54464,54464,0,930,4994,83.98,930,64853,10389,1.7075499412455935,18.622346816179416,208.02963556267522
Terengganu,P.040 Kemaman,62868,62792,76,1077,12683,83.82,1153,75003,12135,1.8340013997582234,9.090909090909092,95.67925569660176
Pulau Pinang,P.041 Kepala Batas,36328,36278,50,634,11246,84.45,684,43017,6689,1.882845188284519,6.082162546683265,59.47892584029877
Pulau Pinang,P.042 Tasek Gelugor,37308,36949,359,600,4547,83.9,959,44467,7159,2.570494263964833,21.090829118099848,157.44446888058062
Pulau Pinang,P.043 Bagan,46227,46192,35,766,22070,77.84,801,59387,13160,1.7327535855668768,3.6293611236973264,59.6284549161758
Pulau Pinang,P.044 Permatang Pauh,47963,47934,29,636,13398,82.06,665,58448,10485,1.3864854158413777,4.963427377220481,78.25794894760412
Pulau Pinang,P.045 Bukit Mertajam,50823,50798,25,931,25897,79.31,956,64081,13258,1.8810381126655253,3.691547283469128,51.19511912576746
Pulau Pinang,P.046 Batu Kawan,37292,37289,3,640,9485,78.71,643,47378,10086,1.7242303979405773,6.779124934106484,106.33632050606221
Pulau Pinang,P.047 Nibong Tebal,38129,38117,12,784,3087,80.2,796,47542,9413,2.0876498203467175,25.785552316164562,304.9238743116294
Pulau Pinang,P.048 Bukit Bendera,47105,47016,89,642,16112,72.98,731,64545,17440,1.5518522449846088,4.536991062562066,108.24230387288978
Pulau Pinang,P.049 Tanjong,38734,38638,96,631,18489,72.82,727,53191,14457,1.8769040119791396,3.9320677159392075,78.1924387473633
Pulau Pinang,P.050 Jelutong,46406,46365,41,743,16246,75.85,784,61181,14775,1.6894367107701591,4.8258032746522215,90.94546349870738
Pulau Pinang,P.051 Bukit Gelugor,50553,49972,581,707,21015,77.05,1288,65610,15057,2.5478210986489427,6.128955507970497,71.64882226980728
Pulau Pinang,P.052 Bayan Baru,46418,44862,1556,655,11029,76.45,2211,60716,14298,4.76323839889698,20.047148426874603,129.64003989482273
Pulau Pinang,P.053 Balik Pulau,31391,31391,0,601,708,78.94,601,39765,8374,1.9145614985186836,84.88700564971752,1182.768361581921
Perak,P.054 Gerik,20493,20128,365,649,5573,78.13,1014,26229,5736,4.948031034987556,18.194868114121657,102.9248160775166
Perak,P.055 Lenggong,17436,17376,60,311,4919,75.08,371,23223,5787,2.127781601284698,7.542183370603782,117.64586298028054
Perak,P.056 Larut,30589,30532,57,687,1911,77.06,744,39695,9106,2.432246886135539,38.93249607535322,476.5044479330194
Perak,P.057 Parit Buntar,35592,35509,83,618,7551,78.71,701,45219,9627,1.9695437176893684,9.28353860415839,127.49304727850617
Perak,P.058 Bagan Serai,36237,35659,578,1186,3413,76.92,1764,47109,10872,4.867952645086514,51.68473483738646,318.5467330794023
Perak,P.059 Bukit Gantang,40301,40187,114,851,1566,72.65,965,55472,15171,2.39448152651299,61.62196679438059,968.7739463601533
Perak,P.060 Taiping,47123,46510,613,1612,11298,71.52,2225,65887,18764,4.721685800988902,19.69375110639051,166.08249247654453
Perak,P.061 Padang Rengas,18350,18273,77,362,1749,75.21,439,24398,6048,2.3923705722070845,25.10005717552887,345.7975986277873
Perak,P.062 Sungai Siput,33154,32960,194,1001,1821,69.91,1195,47423,14269,3.6043916269530074,65.62328390993959,783.5804503020319
Perak,P.063 Tambun,51844,51425,419,927,5386,75.17,1346,68969,17125,2.596250289329527,24.99071667285555,317.95395469736354
Perak,P.064 Ipoh Timor,53994,53493,501,707,21942,70.45,1208,76641,22647,2.237285624328629,5.505423388934464,103.21301613344272
Perak,P.065 Ipoh Barat,50641,50447,194,829,15534,72.58,1023,69772,19131,2.0201022886593867,6.585554268057164,123.15565855542681
Perak,P.066 Batu Gajah,56270,56128,142,911,24627,72.78,1053,77315,21045,1.8713346365736627,4.275794859300768,85.45498842733585
Perak,P.067 Kuala Kangsar,20773,20385,388,373,1458,73.34,761,28324,7551,3.663409233139171,52.19478737997256,517.9012345679013
Perak,P.068 Beruas,30821,30723,98,889,1828,71.22,987,43275,12454,3.202362025891438,53.99343544857768,681.2910284463894
Perak,P.069 Parit,22598,22553,45,628,2873,78.3,673,28860,6262,2.978139658376848,23.424991298294465,217.96032022276367
Perak,P.070 Kampar,38953,38603,350,1048,2697,65.16,1398,59780,20827,3.5889405180602263,51.83537263626251,772.2284019280683
Perak,P.071 Gopeng,53303,53303,0,1279,7368,71.7,1279,74341,21038,2.399489709772433,17.35884907709012,285.53203040173725
Perak,P.072 Tapah,26811,26810,1,1662,3020,70.12,1663,38235,11424,6.202678005296334,55.06622516556291,378.27814569536423
Perak,P.073 Pasir Salak,32119,32118,1,950,2688,75.2,951,42711,10592,2.960864285936673,35.379464285714285,394.0476190476191
Perak,P.074 Lumut,55930,52982,2948,1884,298,76.87,4832,72759,16829,8.639370641873771,1621.476510067114,5647.315436241611
Perak,P.075 Bagan Datuk,24414,24352,62,814,2692,70.42,876,34669,10255,3.588105185549275,32.5408618127786,380.94353640416045
Perak,P.076 Teluk Intan,36739,36655,84,1153,1470,70.17,1237,52357,15618,3.36699420234628,84.14965986394559,1062.4489795918369
Perak,P.077 Tanjong Malim,38107,37954,153,1344,5422,71.25,1497,53483,15376,3.928412102763272,27.60973810402066,283.58539284396903
Pahang,P.078 Cameron Highlands,16456,16397,59,1186,3117,70.14,1245,23461,7005,7.565629557608167,39.94225216554379,224.73532242540904
Pahang,P.079 Lipis,21758,21646,112,561,4137,76.55,673,28423,6665,3.0931151760272084,16.267826927725405,161.1070824268794
Pahang,P.080 Raub,34459,34319,140,915,2752,74.18,1055,46453,11994,3.061609448910299,38.33575581395349,435.82848837209303
Pahang,P.081 Jerantut,38078,37969,109,829,1946,78.01,938,48811,10733,2.463364672514313,48.201438848920866,551.5416238437822
Pahang,P.082 Indera Mahkota,39677,39287,390,668,1027,77.44,1058,51235,11558,2.666532247901807,103.01850048685492,1125.4138266796494
Pahang,P.083 Kuantan,35772,35593,179,623,1826,74.92,802,47746,11974,2.2419769652241976,43.921139101861996,655.7502738225629
Pahang,P.084 Paya Besar,30888,30844,44,637,8503,77.45,681,39881,8993,2.204739704739705,8.008938021874632,105.76267199811831
Pahang,P.085 Pekan,47870,47321,549,1261,26464,82.23,1810,58214,10344,3.781073741382912,6.8394800483675935,39.08706166868198
Pahang,P.086 Maran,25672,25590,82,495,6641,78.95,577,32516,6844,2.247584917419757,8.688450534558049,103.05676855895196
Pahang,P.087 Kuala Krau,27594,27544,50,479,5265,80.83,529,34138,6544,1.917083423932739,10.047483380816715,124.29249762583096
Pahang,P.088 Temerloh,41463,41245,218,924,2441,76.77,1142,54009,12546,2.7542628367460145,46.784104875051206,513.9696845555101
Pahang,P.089 Bentong,39168,39004,164,1285,12549,73.01,1449,53647,14479,3.699448529411765,11.546736791776237,115.37971153079927
Pahang,P.090 Bera,33123,33064,59,783,4313,77.04,842,42994,9871,2.542040274129759,19.52237421748203,228.86621840945978
Pahang,P.091 Rompin,32930,32761,169,824,10679,78.97,993,41699,8769,3.0154873975098697,9.298623466616725,82.1144301900927
Selangor,P.092 Sabak Bernam,23581,23486,95,711,1335,75.14,806,31382,7801,3.4180060217972095,60.37453183520599,584.3445692883895
Selangor,P.093 Sungai Besar,27927,27785,142,656,5009,81.96,798,34073,6146,2.8574497797830056,15.931323617488522,122.69914154521861
Selangor,P.094 Hulu Selangor,47845,47622,223,1466,198,75.24,1689,63589,15744,3.5301494409029153,853.0303030303031,7951.515151515152
Selangor,P.095 Tanjong Karang,29052,29000,52,674,3820,79.83,726,36392,7340,2.4989673688558445,19.005235602094242,192.14659685863876
Selangor,P.096 Kuala Selangor,37671,37624,47,894,862,79.81,941,47200,9529,2.497942714554963,109.16473317865429,1105.4524361948954
Selangor,P.097 Selayang,60920,60673,247,1506,3567,76.57,1753,79561,18641,2.877544320420223,49.14493972525932,522.5960190636389
Selangor,P.098 Gombak,75619,74621,998,820,6867,76.26,1818,99159,23540,2.4041576852378372,26.474442988204455,342.7988932576088
Selangor,P.099 Ampang,51097,50950,147,636,3676,73.91,783,69134,18037,1.5323795917568546,21.30032644178455,490.66920565832424
Selangor,P.100 Pandan,48309,48309,0,798,2961,74.9,798,64497,16188,1.651866111904614,26.95035460992908,546.7071935157041
Selangor,P.101 Hulu Langat,72322,71904,418,1401,1745,80.07,1819,90323,18001,2.515140621111142,104.2406876790831,1031.5759312320918
Selangor,P.102 Bangi,76236,75935,301,2072,21025,80.35,2373,94879,18643,3.1127026601605543,11.286563614744352,88.67063020214032
Selangor,P.103 Puchong,59317,59145,172,1580,12593,78.44,1752,75620,16303,2.953622064500902,13.912491066465495,129.4608115619789
Selangor,P.104 Subang,58625,58525,100,1065,5031,73.61,1165,79642,21017,1.9872068230277187,23.156430133174318,417.74995030808986
Selangor,P.105 Petaling Jaya,52631,52534,97,1044,5706,71.91,1141,73190,20559,2.167923847162319,19.996494917630564,360.3049421661409
Selangor,P.106 Damansara,56295,56257,38,527,19972,73.47,565,76623,20328,1.0036415312194689,2.828960544762668,101.78249549369116
Selangor,P.107 Sungai Buloh,65861,65418,443,2079,6709,78.02,2522,84415,18554,3.829276810251894,37.59129527500373,276.553882843941
Selangor,P.108 Shah Alam,58361,58147,214,749,9314,77.47,963,75333,16972,1.650074536077175,10.339274210865364,182.22031350654927
Selangor,P.109 Kapar,87286,87159,127,3064,12297,77.78,3191,112221,24935,3.655798180693353,25.949418557371718,202.7730340733512
Selangor,P.110 Klang,59323,59315,8,1036,17701,76.23,1044,77821,18498,1.7598570537565532,5.897971865996272,104.50257047624427
Selangor,P.111 Kota Raja,57323,57323,0,814,20751,79.75,814,71878,14555,1.4200233763061947,3.9227025203604646,70.14119801455352
Selangor,P.112 Kuala Langat,53935,53691,244,1306,989,81.09,1550,66512,12577,2.8738296097153984,156.72396359959555,1271.6885743174923
Selangor,P.113 Sepang,49137,49012,125,1099,4849,79.2,1224,62041,12904,2.490994566212833,25.242318003712107,266.11672509795835
W.P. Kuala Lumpur,P.114 Kepong,47508,47468,40,212,23848,78.17,252,60775,13267,0.5304369790351099,1.0566923851056693,55.631499496813156
W.P. Kuala Lumpur,P.115 Batu,51303,50729,574,614,9455,72.72,1188,70548,19245,2.315654055318402,12.564780539397145,203.54309888947645
W.P. Kuala Lumpur,P.116 Wangsa Maju,39798,39481,317,357,150,73.01,674,54510,14712,1.6935524398210964,449.3333333333333,9808.0
W.P. Kuala Lumpur,P.117 Segambut,43531,42901,630,541,7732,72.93,1171,59688,16157,2.690036985137029,15.144852560786342,208.96275219865493
W.P. Kuala Lumpur,P.118 Setiawangsa,45096,43762,1334,918,8134,78.89,2252,57163,12067,4.9937910235941105,27.686255224981558,148.35259404966806
W.P. Kuala Lumpur,P.119 Titiwangsa,33933,33933,0,191,1972,68.01,191,49894,15961,0.562873898564819,9.685598377281947,809.3813387423936
W.P. Kuala Lumpur,P.120 Bukit Bintang,40441,39811,630,466,14277,67.42,1096,59983,19542,2.7101209168912734,7.676682776493661,136.877495272116
W.P. Kuala Lumpur,P.121 Lembah Pantai,41289,41289,0,239,2895,72.88,239,56653,15364,0.5788466661822761,8.255613126079448,530.7081174438688
W.P. Kuala Lumpur,P.122 Seputeh,58207,58142,65,174,36492,75.7,239,76891,18684,0.41060353565722335,0.6549380686177793,51.20026307135811
W.P. Kuala Lumpur,P.123 Cheras,50571,50450,121,244,28300,73.58,365,68729,18158,0.7217575290186076,1.2897526501766783,64.16254416961131
W.P. Kuala Lumpur,P.124 Bandar Tun Razak,54995,54288,707,557,2515,75.72,1264,72629,17634,2.2983907627966182,50.258449304174945,701.1530815109344
W.P. Putrajaya,P.125 Putrajaya,5416,5380,36,38,2734,81.96,74,6608,1192,1.3663220088626293,2.7066569129480618,43.59912216532553
Negeri Sembilan,P.126 Jelebu,29029,28633,396,769,11610,75.05,1165,38679,9650,4.013228151159185,10.034453057708872,83.11800172265289
Negeri Sembilan,P.127 Jempol,39322,39322,0,1054,12320,73.53,1054,53477,14155,2.68043334520116,8.555194805194805,114.89448051948052
Negeri Sembilan,P.128 Seremban,64437,64240,197,2248,3948,76.1,2445,84674,20237,3.794403836305228,61.93009118541033,512.5886524822695
Negeri Sembilan,P.129 Kuala Pilah,31734,31734,0,908,10008,74.97,908,42328,10594,2.861284426797756,9.072741806554756,105.85531574740207
Negeri Sembilan,P.130 Rasah,56654,56652,2,1261,13151,78.56,1263,72115,15461,2.229321848413175,9.603832408181887,117.5652041669835
Negeri Sembilan,P.131 Rembau,48901,48390,511,1086,5746,77.75,1597,62895,13994,3.2657818858510055,27.793247476505396,243.54333449356074
Negeri Sembilan,P.132 Port Dickson,46613,45792,821,1299,2804,77.45,2120,60184,13571,4.548087443417073,75.60627674750357,483.98716119828816
Negeri Sembilan,P.133 Tampin,36331,36080,251,1115,13079,76.24,1366,47653,11322,3.7598744873523984,10.444223564492699,86.56625124244974
Melaka,P.134 Masjid Tanah,31715,31596,119,717,12285,78.1,836,40608,8893,2.63597666719218,6.805046805046805,72.3890923890924
Melaka,P.135 Alor Gajah,41854,41777,77,1953,12884,77.37,2030,54095,12241,4.850193529889616,15.755976404843217,95.00931387767774
Melaka,P.136 Tangga Batu,49675,47703,1972,1283,14500,82.53,3255,60190,10515,6.5525918470055355,22.448275862068964,72.51724137931035
Melaka,P.137 Hang Tuah Jaya,62073,61365,708,1173,1758,81.92,1881,75772,13699,3.0303030303030303,106.99658703071673,779.2377701934016
Melaka,P.138 Kota Melaka,67479,67338,141,1448,11390,79.57,1589,84804,17325,2.3548066805969263,13.950834064969273,152.10711150131695
Melaka,P.139 Jasin,44654,44568,86,1094,12728,79.57,1180,56119,11465,2.6425404219106907,9.270898805782526,90.07699560025142
Johor,P.140 Segamat,29699,29698,1,847,2991,72.96,848,40705,11006,2.855314993770834,28.351721832163157,367.9705784018723
Johor,P.141 Sekijang,26716,26713,3,622,9867,76.03,625,35138,8422,2.3394220691720315,6.334245464680248,85.35522448565926
Johor,P.142 Labis,24080,24038,42,816,4094,71.95,858,33467,9387,3.5631229235880397,20.957498778700536,229.2867611138251
Johor,P.143 Pagoh,30313,30262,51,787,12581,75.7,838,40043,9730,2.764490482631214,6.660837771242349,77.33884428900724
Johor,P.144 Ledang,44556,44454,102,1433,7617,76.16,1535,58503,13947,3.4451027919921,20.15229092818695,183.10358408822373
Johor,P.145 Bakri,43168,42941,227,1561,722,76.55,1788,56391,13223,4.141957005189028,247.64542936288086,1831.4404432132965
Johor,P.146 Muar,30275,30213,62,902,4661,73.81,964,41017,10742,3.1841453344343518,20.682257026389188,230.46556532932846
Johor,P.147 Parit Sulong,39637,39566,71,1033,13599,78.9,1104,50237,10600,2.7852763831773344,8.118243988528569,77.94690786087213
Johor,P.148 Ayer Hitam,27488,27458,30,907,13909,78.98,937,34803,7315,3.408760186263097,6.736645337551225,52.59184700553598
Johor,P.149 Sri Gading,29266,29146,120,738,10874,79.43,858,36845,7579,2.931729652156086,7.890380724664336,69.69836306786831
Johor,P.150 Batu Pahat,54103,53976,127,1758,12968,77.21,1885,70072,15969,3.484095151840009,14.53578038247995,123.14157927205429
Johor,P.151 Simpang Renggam,25998,25971,27,924,7853,74.58,951,34859,8861,3.657973690283868,12.110021647777918,112.83585890742391
Johor,P.152 Kluang,54567,54043,524,1884,3781,76.6,2408,71236,16669,4.412923561859732,63.68685532927797,440.86220576567047
Johor,P.153 Sembrong,25211,25145,66,739,11570,75.98,805,33181,7970,3.1930506524929596,6.957649092480553,68.88504753673294
Johor,P.154 Mersing,27548,27353,195,857,13736,75.59,1052,36443,8895,3.8187890227965733,7.658707047175306,64.75684333139196
Johor,P.155 Tenggara,25784,25349,435,1336,14049,79.83,1771,32298,6514,6.868600682593856,12.60587942202292,46.36628941561677
Johor,P.156 Kota Tinggi,27109,27056,53,653,18961,79.29,706,34189,7080,2.604301154598104,3.7234323084225514,37.339802753019356
Johor,P.157 Pengerang,,,,,,,,,,,,
Johor,P.158 Tebrau,48700,48638,62,1539,14851,77.91,1601,62508,13808,3.2874743326488707,10.780418827015016,92.97690391219446
Johor,P.159 Pasir Gudang,55891,55628,263,1211,17281,76.71,1474,72860,16969,2.6372761267467033,8.52959898154042,98.19454892656675
Johor,P.160 Johor Bahru,62440,62328,112,1391,25349,69.59,1503,89725,27285,2.4071108263933376,5.929227977435008,107.63738214525227
Johor,P.161 Pulai,56863,56702,161,1079,20449,71.42,1240,79617,22754,2.180679879710884,6.063866203726344,111.27194483837842
Johor,P.162 Iskandar Puteri,60728,60653,75,2244,8851,77.19,2319,78673,17945,3.8186668423132653,26.200429330019208,202.74545249124395
Johor,P.163 Kulai,53676,53617,59,1327,11744,79.69,1386,67356,13680,2.5821596244131455,11.801771117166213,116.4850136239782
Johor,P.164 Pontian,32806,32806,0,1008,14444,75.83,1008,43262,10456,3.072608669145888,6.97867626696206,72.38991968983662
Johor,P.165 Tanjung Piai,35564,35350,214,1117,12371,77.82,1331,45700,10136,3.7425486446968845,10.759033222859914,81.93355428017138
W.P. Labuan,P.166 Labuan,14149,13902,247,311,8457,68.08,558,20782,6633,3.9437416071807196,6.598084427101809,78.43206810925861
Sabah,P.167 Kudat,26551,26431,120,1058,9895,66.98,1178,39640,13089,4.436744378742797,11.905002526528548,132.27892875189488
Sabah,P.168 Kota Marudu,22199,22172,27,748,4198,69.51,775,31936,9737,3.491148249921168,18.461171986660315,231.94378275369223
Sabah,P.169 Kota Belud,33710,33710,0,1046,3020,78.27,1046,43068,9358,3.10293681400178,34.63576158940398,309.8675496688742
Sabah,P.170 Tuaran,30563,30526,37,979,6622,74.98,1016,40761,10198,3.3242809933579816,15.342796738145575,154.00181214134702
Sabah,P.171 Sepanggar,26990,26806,184,790,11461,68.76,974,39252,12262,3.6087439792515745,8.498385830206788,106.98891894250065
Sabah,P.172 Kota Kinabalu,28017,27909,108,326,106,64.09,434,43715,15698,1.5490594995895348,409.433962264151,14809.433962264151
Sabah,P.173 Putatan,23296,22555,741,608,6445,66.68,1349,34937,11641,5.790693681318682,20.930954228083788,180.62063615205585
Sabah,P.174 Penampang,25552,25377,175,540,3063,71.33,715,35822,10270,2.7982154038822795,23.343127652628144,335.29219719229513
Sabah,P.175 Papar,24913,24478,435,651,9574,77.18,1086,32279,7366,4.359169911291294,11.343221224148737,76.93753916858157
Sabah,P.176 Kimanis,17367,17351,16,500,5453,78.09,516,22239,4872,2.9711521851787874,9.462681092976343,89.34531450577664
Sabah,P.177 Beaufort,19346,19327,19,681,10914,72.22,700,26787,7441,3.6183190323581105,6.4137804654572115,68.17848634781015
Sabah,P.178 Sipitang,18211,18195,16,531,6146,75.42,547,24146,5935,3.003679095052441,8.9000976244712,96.56687276277253
Sabah,P.179 Ranau,22201,22169,32,653,7251,72.06,685,30809,8608,3.085446601504437,9.446972831333609,118.71466004689009
Sabah,P.180 Keningau,25956,25956,0,464,4264,72.96,464,35575,9619,1.787640622592079,10.881801125703564,225.58630393996248
Sabah,P.181 Tenom,15705,15694,11,523,6883,75.24,534,20873,5168,3.400191021967526,7.758244951329363,75.08353915443847
Sabah,P.182 Pensiangan,,,,,,,,,,,,
Sabah,P.183 Beluran,12349,12313,36,468,4352,64.38,504,19181,6832,4.081302129727103,11.580882352941178,156.98529411764704
Sabah,P.184 Libaran,20536,20420,116,613,7529,65.33,729,31434,10898,3.5498636540709,9.682560765041838,144.74697835037853
Sabah,P.185 Batu Sapi,16398,15980,418,730,3708,63.06,1148,26003,9605,7.000853762653982,30.960086299892126,259.03451995685003
Sabah,P.186 Sandakan,20048,19991,57,644,176,61.03,701,32849,12801,3.496608140462889,398.29545454545456,7273.295454545455
Sabah,P.187 Kinabatangan,12814,12792,22,589,6326,65.53,611,19554,6740,4.768222256906508,9.658552007587733,106.54441985456845
Sabah,P.188 Lahad Datu,27557,27419,138,989,9792,63.37,1127,43485,15928,4.089704975142432,11.509395424836601,162.66339869281046
Sabah,P.189 Semporna,22209,22208,1,832,17462,63.07,833,35213,13004,3.7507316853527852,4.770358492727064,74.47027831863475
Sabah,P.190 Tawau,27071,27032,39,735,4867,63.61,774,42557,15486,2.8591481659340254,15.90302034107253,318.18368604890077
Sabah,P.191 Kalabakan,,,,,,,,,,,,
Sarawak,P.192 Mas Gading,14800,14771,29,188,4301,67.37,217,21968,7168,1.4662162162162162,5.0453382934201345,166.6589165310393
Sarawak,P.193 Santubong,19959,19903,56,248,11945,64.73,304,30834,10875,1.5231224009218898,2.5449979070740896,91.04227710339055
Sarawak,P.194 Petra Jaya,25027,24896,131,263,14397,61.74,394,40536,15509,1.5742997562632355,2.7366812530388276,107.72383135375425
Sarawak,P.195 Bandar Kuching,36257,36092,165,242,9952,68.13,407,53217,16960,1.1225418539868164,4.089630225080386,170.41800643086816
Sarawak,P.196 Stampin,43922,43488,434,428,3070,65.3,862,67261,23339,1.9625700104731116,28.078175895765472,760.228013029316
Sarawak,P.197 Kota Samarahan,21428,21054,374,449,11411,75.14,823,28517,7089,3.8407690871756577,7.212338971168171,62.12426605906581
Sarawak,P.198 Puncak Borneo,22306,22180,126,473,6657,61.71,599,36146,13840,2.685376131982426,8.998047168394171,207.90145711281357
Sarawak,P.199 Serian,18516,18491,25,332,13427,66.36,357,27902,9386,1.928062216461439,2.6588217770164593,69.90392492738512
Sarawak,P.200 Batang Sadong,11120,11111,9,170,5425,66.21,179,16795,5675,1.6097122302158273,3.299539170506913,104.60829493087557
Sarawak,P.201 Batang Lupar,14393,14381,12,193,8092,64.21,205,22415,8022,1.4243034808587507,2.533366287691547,99.13494809688581
Sarawak,P.202 Sri Aman,15513,15359,154,211,4252,60.31,365,25722,10209,2.352865338748147,8.584195672624647,240.09877704609596
Sarawak,P.203 Lubok Antu,12038,12027,11,99,1610,70.03,110,17189,5151,0.9137730520019937,6.832298136645963,319.9378881987577
Sarawak,P.204 Betong,15953,15953,0,246,11709,72.22,246,22089,6136,1.5420297122798219,2.1009479887266207,52.404133572465625
Sarawak,P.205 Saratok,16467,16452,15,218,8706,68.66,233,23983,7516,1.4149511143499118,2.6763151849299334,86.3312657937055
Sarawak,P.206 Tanjong Manis,,,,,,,,,,,,
Sarawak,P.207 Igan,,,,,,,,,,,,
Sarawak,P.208 Sarikei,22246,22067,179,176,51,70.23,355,31675,9429,1.5957925020228354,696.0784313725491,18488.235294117647
Sarawak,P.209 Julau,13313,13300,13,182,7584,65.56,195,20306,6993,1.4647337189213552,2.5712025316455698,92.20727848101265
Sarawak,P.210 Kanowit,,,,,,,,,,,,
Sarawak,P.211 Lanang,34443,34341,102,253,4864,69.54,355,49529,15086,1.0306883837064134,7.298519736842106,310.15625
Sarawak,P.212 Sibu,36379,36187,192,334,3235,67.77,526,53680,17301,1.4458891118502433,16.2596599690881,534.8068006182381
Sarawak,P.213 Mukah,14435,14403,32,521,6298,63.17,553,22851,8416,3.830966401108417,8.780565258812322,133.62972372181645
Sarawak,P.214 Selangau,,,,,,,,,,,,
Sarawak,P.215 Kapit,,,,,,,,,,,,
Sarawak,P.216 Hulu Rajang,11164,11155,9,139,2164,63.09,148,17695,6531,1.3256897169473307,6.839186691312385,301.80221811460257
Sarawak,P.217 Bintulu,32629,32579,50,288,14965,64.73,338,50407,17778,1.0358883202059517,2.2586034079518877,118.79719345138658
Sarawak,P.218 Sibuti,13030,13020,10,192,3648,58.84,202,22144,9114,1.5502686108979278,5.537280701754386,249.83552631578948
Sarawak,P.219 Miri,33969,33765,204,273,5216,60.7,477,55962,21993,1.4042214960699462,9.144938650306749,421.64493865030676
Sarawak,P.220 Baram,12126,12115,11,167,4044,49.65,178,24422,12296,1.4679201715322447,4.401582591493571,304.05539070227496
Sarawak,P.221 Limbang,12380,12291,89,113,676,60.94,202,20315,7935,1.631663974151858,29.88165680473373,1173.8165680473371
Sarawak,P.222 Lawas,9342,9342,0,82,7792,59.44,82,15716,6374,0.8777563690858489,1.0523613963039014,81.80184804928132
